1457509979_alvaro_pepito
alvaro
pepito
1457809979 1457809979
1
0 12 0
0 0 0 0 0 0 0
0 0 0 0 0 0 0
0 0 0 0 0 0 0
0 0 0 0 0 0 0
0 0 0 0 0 0 0
0 0 0 0 0 0 0

1457509834_pepito_marta
pepito
marta
1457809979 1465155413
1
1 10 12
12 12 10 10 10 12 0
0 12 0 10 12 0 0
0 12 0 10 0 0 0
0 0 0 10 0 0 0
0 0 0 0 0 0 0
0 0 0 0 0 0 0
1458122999_marta_alvaro
marta
alvaro
1457809979 1457809979
1
0 10 1
12 0 0 0 0 0 0
0 0 0 0 0 0 0
0 0 0 0 0 0 0
0 0 0 0 0 0 0
0 0 0 0 0 0 0
0 0 0 0 0 0 0
1457509979_alvaro_pepito
alvaro
pepito
1457809979 1457809979
1
0 12 0
0 0 0 0 0 0 0
0 0 0 0 0 0 0
0 0 0 0 0 0 0
0 0 0 0 0 0 0
0 0 0 0 0 0 0
0 0 0 0 0 0 0
1457509834_pepito_marta
pepito
marta
1457809979 1457809979
1
0 10 11
12 12 10 10 10 12 0
0 12 0 10 12 0 0
0 12 0 10 0 0 0
0 0 0 0 0 0 0
0 0 0 0 0 0 0
0 0 0 0 0 0 0
1458122999_marta_alvaro
marta
alvaro
1457809979 1457809979
1
0 10 1
12 0 0 0 0 0 0
0 0 0 0 0 0 0
0 0 0 0 0 0 0
0 0 0 0 0 0 0
0 0 0 0 0 0 0
0 0 0 0 0 0 0
1457509979_alvaro_pepito
alvaro
pepito
1457809979 1457809979
1
0 12 0
0 0 0 0 0 0 0
0 0 0 0 0 0 0
0 0 0 0 0 0 0
0 0 0 0 0 0 0
0 0 0 0 0 0 0
0 0 0 0 0 0 0
1457509834_pepito_marta
pepito
marta
1457809979 1457809979
1
0 10 11
12 12 10 10 10 12 0
0 12 0 10 12 0 0
0 12 0 10 0 0 0
0 0 0 0 0 0 0
0 0 0 0 0 0 0
0 0 0 0 0 0 0
1458122999_marta_alvaro
marta
alvaro
1457809979 1457809979
1
0 10 1
12 0 0 0 0 0 0
0 0 0 0 0 0 0
0 0 0 0 0 0 0
0 0 0 0 0 0 0
0 0 0 0 0 0 0
0 0 0 0 0 0 0
