5
1457509979_alvaro_pepito
alvaro
pepito
1457509979 1457509979
0
0 12 11
12 12 10 10 10 12 0
0 12 0 10 12 0 0
0 12 0 10 0 0 0
0 0 0 0 0 0 0
0 0 0 0 0 0 0
0 0 0 0 0 0 0
1457509834_pepito_marta
pepito
marta
1457509834 1457509834
0
0 10 0
0 0 0 0 0 0 0
0 0 0 0 0 0 0
0 0 0 0 0 0 0
0 0 0 0 0 0 0
0 0 0 0 0 0 0
0 0 0 0 0 0 0
1458122999_marta_alvaro
marta
alvaro
1457602979 1458122999
1
0 10 1
12 0 0 0 0 0 0
0 0 0 0 0 0 0
0 0 0 0 0 0 0
0 0 0 0 0 0 0
0 0 0 0 0 0 0
0 0 0 0 0 0 0
1458124613_luis_alvaro
luis
alvaro
1458124613 1458153153
0
0 12 11
12 12 10 10 10 12 0
0 12 0 10 12 0 0
0 12 0 10 0 0 0
0 0 0 0 0 0 0
0 0 0 0 0 0 0
0 0 0 0 0 0 0
1458125113_marta_susana
marta
susana
1458125113 1458125113
0
0 10 1
0 0 12 0 0 0 0
0 0 0 0 0 0 0
0 0 0 0 0 0 0
0 0 0 0 0 0 0
0 0 0 0 0 0 0
0 0 0 0 0 0 0
